Genomic bins	SRR5258708	SRR5258706	SRR5260221	SRR5260370	SRR5258707	SRR5258705
bin.126	0.349950415708	4.68664054648	0.786880740719	0.264865364909	0.682711539219	1.77509818682
bin.89	3.47472629657	2.63538920758	6.86493316833	5.06540830252	6.70537007866	3.50064474049
bin.20	4.60734391726	0.996788655418	1.84389685125	0.626037537058	1.72115065956	1.07300961193
bin.4	1.14608089004	0.481823048696	0.541412869828	4.15657065076	0.888084243034	0.478888180835
bin.25	1.63689544555	2.31686746251	1.85737543281	1.70521687512	1.45527137213	1.77706863094
bin.22	2.20831711843	0.525143956527	0.457442129832	1.97918153667	1.86320056991	0.588803315962
bin.6	1.78684873046	0.0873114253698	0.0468277004209	0.493110676067	0.056816697208	0.0589880579906
bin.59	1.78854389601	0.923079369464	0.779300475392	3.48218085085	1.70243551252	0.881498159624
bin.119	1.15576408736	0.964273717203	6.27414332263	0.661437660799	2.07021488158	0.778858189395
bin.68	6.61872167325	1.42368512771	2.36020725159	1.45317723938	2.427842245	1.90225453991
bin.130	1.49489868412	0.628386921667	0.376387321805	0.917260754086	2.01751973914	1.40679232322
bin.102	0.838522377161	4.99664101866	2.0104589337	0.495929840286	1.32134708095	2.29677600356
bin.85	5.5917226919	1.92819484717	1.16021629788	14.9621781843	1.83166466051	1.35182266521
bin.101	1.69915242499	0.56161473165	1.16960373299	2.63007905873	2.41750792575	0.830096065908
bin.122	0.838069400489	4.81292537766	0.554945239238	0.674102049025	1.05373982586	1.00054646078
bin.46	0.698506643585	0.14999363488	2.06530967708	0.286277661039	1.1518643217	0.136360275946
bin.54	1.02821171985	7.14278434223	1.74756395288	0.912418892946	1.99830717551	2.61969253996
bin.95	1.57022797993	7.00073814274	7.83822037499	0.797885688579	3.37472212196	2.11475849862
bin.43	1.40915165318	5.89120587129	2.94960257625	0.910468535092	2.59731409727	1.09390276505
bin.34	2.27756835952	0.348524864843	0.283408783354	5.32880159138	1.05295153404	0.392807198474
bin.37	0.604800533214	4.73115867361	2.50186357544	0.399133585749	1.11828184091	2.00446397189
bin.32	1.77127393062	6.46252521895	3.84475581443	0.67889472294	2.13665442951	3.25465382958
bin.81	1.44136374154	6.39197322568	5.08950888582	0.865593415632	2.6826279353	2.82811478457
bin.114	1.73824134996	1.36148444827	1.51126263139	0.937848431146	3.00969158296	16.4853437471
bin.83	1.61155379049	0.479195747154	0.48842519456	2.10806739203	2.09932888914	0.980741254121
bin.62	0.929134255576	0.254353951508	0.186598624732	3.1717253704	1.64958619823	0.312987143708
bin.8	1.0370066652	0.703942808506	2.5754344471	0.236494653777	0.965663725452	0.37626744949
bin.53	1.87007946523	3.39539553643	0.965625202574	0.883915279993	1.87872354271	2.75405349592
bin.96	0.453032843492	3.61695010319	1.99056384059	0.168659873033	0.786363123735	0.453793074115
bin.138	7.59130952706	1.49475214184	1.73710830172	1.80633853832	2.82537765616	2.14497682673
bin.12	2.35787467885	3.5755478541	4.03932428852	1.25986115043	2.78639310596	2.50896649509
bin.129	0.877283753834	1.41372577988	3.80314948437	0.482234329758	1.74720877148	0.951641292674
bin.45	1.21187667578	1.50358788536	0.572105723107	2.79815304795	2.04273711187	4.69498382015
bin.26	0.28476807695	0.185101386629	0.134796461522	2.35262044337	0.266599007746	0.238083918935
bin.19	0.211920051473	2.38807999677	0.67548669539	0.0685495668042	0.272621927258	1.79752442658
bin.134	2.10873753427	1.04458126498	0.831930784908	2.76523253485	1.37320099332	1.59751290968
bin.84	2.57731936362	7.55539548874	14.0861669872	1.099907992	4.17356387881	3.72991406804
bin.74	7.15507310268	0.185352953018	0.881328485997	0.19665331575	0.419154607756	0.0214227495235
bin.108	7.76365309696	5.53738464009	5.2013259933	1.65477747046	3.03264848357	3.31217531592
bin.10	0.0819792233606	3.81831744251	0.109520612593	0.0418712632133	0.14812182171	0.724930542289
bin.82	0.363880490145	3.33092223311	0.412407135011	0.239226160868	0.712878787001	4.99880132543
bin.90	0.747803634907	3.90262056952	1.64086767378	0.406475500044	1.59326650794	2.03011113531
bin.63	18.5037963727	2.71172956351	13.0205092425	11.9646895543	9.87069088942	1.88293171105
bin.42	0.294198203247	1.25302550445	0.258240541821	0.207592230306	0.443772405067	9.66162185357
bin.80	4.30292854972	0.61236116293	0.384878694913	1.39921222754	0.628778047198	1.01498940989
bin.3	1.17644287328	2.4561650234	0.772533346154	0.91917732205	1.95672122283	10.0182404747
bin.132	0.993510322922	0.23632998857	0.1040310103	0.295705125128	1.62915812647	0.142223891669
bin.38	0.786098602076	6.10616488087	1.62357631469	0.519427124944	1.5614746875	6.54778686745
bin.33	2.01891202853	0.3761401105	0.258356804137	0.195222729729	0.282024956956	0.278087972553
bin.56	0.511129312827	9.50595656322	0.371252241712	0.321159478692	1.41601390213	1.76638800869
bin.128	1.17462816842	0.848571070442	0.879425050163	0.496633322677	3.3750151001	0.771996853623
bin.14	2.49829570348	0.209770902796	9.18394855138	0.139132244483	1.14044847148	0.268033619742
bin.13	0.0933155444273	5.30973021446	0.452651782177	0.0437699949754	0.186919465382	0.0540404711332
bin.44	0.917309220633	11.129349273	0.474626730935	0.617187092915	2.25607763916	11.9390752207
bin.97	3.19767535663	0.865525772594	0.550650634175	1.45554580815	0.65457197831	1.01754059234
bin.41	0.343390560635	1.47734952826	0.386640512011	0.254793265467	0.565163367101	5.29210277225
bin.137	1.71890910426	0.162268505664	0.219849015671	3.49323138562	0.41130628864	0.319313171054
bin.124	3.49448902778	1.62881598133	1.1603861221	1.30945329905	1.99210385381	2.31393669221
bin.48	1.49057155321	3.35270988819	2.27130465217	1.20008381552	2.26299087476	6.76855758725
bin.93	0.956774374152	4.83231066619	2.445308211	0.382239188314	1.4599141255	0.883983853359
bin.29	3.96020376808	7.22866040743	3.61581447814	2.0013449339	4.66587197307	2.86614373502
bin.112	0.557269426329	4.38915499169	1.47003465417	0.375632867253	0.833571660719	1.07914276138
bin.78	0.858279044457	3.56996001627	0.668874949673	1.23855828973	1.55657009504	9.84906382189
bin.110	0.933317757111	3.76278697288	0.746494605283	0.720420314988	1.55472664603	4.31490837562
bin.64	2.45324357296	2.08478664676	0.859303803774	7.72467530971	1.56832343135	4.41861880004
bin.61	1.59591632282	5.17538480326	5.93644694542	0.648202367549	2.23698100275	2.58410412774
bin.66	0.680649766908	0.62338527234	0.206157667504	0.50693732753	1.30249861843	9.09880330017
bin.73	3.23007269345	4.05752972755	4.5081910859	1.24206959318	4.37989524075	3.60798530002
bin.86	1.53882558055	6.43645038622	3.11755682721	0.726770473589	2.3218356391	1.93997662256
bin.76	1.01363775175	5.07916012241	0.489002558731	0.5538724043	1.31540351692	2.28999317968
bin.9	2.37734804775	3.35018629397	5.29509906872	1.43971763145	3.47514095677	1.15070493123
bin.52	4.37145116287	2.05392489933	0.938538483995	0.467807816501	0.768452664952	1.36796591174
bin.36	0.449321396479	3.5218104513	0.544274706988	0.356077920146	1.00794501462	1.98006380975
bin.120	1.03006534328	0.884630028222	0.479257693523	3.51870260013	1.41154624182	1.6005908495
bin.136	0.417139632717	0.737552775348	0.249635557005	0.334892005267	0.662496171416	4.91409392089
bin.27	2.99154607265	1.94783702107	4.06150562916	2.42865565102	2.40904754924	2.58173146197
bin.15	1.03711140782	0.669128965101	0.681559002865	6.73035614611	1.09016934087	1.14285286193
bin.17	3.86485758844	5.46988044015	31.5036714028	0.63634035462	6.32665197443	1.24121047497
bin.49	0.504413197404	5.41214985605	4.6526948413	0.139731589883	0.990636149086	0.844217859426
bin.40	0.280780604881	0.0862668259549	7.78299475581	0.0976964609889	0.46215022431	0.0797515395129
bin.118	0.622255354666	6.2088742456	0.53225060518	0.483861248715	1.18365687171	3.68326109197
bin.94	2.66527387855	0.308044133458	1.06222843298	4.29820501966	6.33287543679	0.381746657996
bin.103	1.19858773907	9.90111096244	6.27795843058	0.460271930297	1.98524144706	1.7831137105
bin.104	2.49274259879	0.343653643814	0.761007424795	1.43806669133	0.524332508557	0.0973930297397
bin.106	0.655687703946	6.13070008592	1.41527585911	0.370101692225	1.1710480323	1.34045704674
bin.79	1.19702195212	3.65614290962	0.697084254741	1.07642598011	1.56052108753	1.20120953883
bin.18	1.54222694085	3.79879514761	1.030071193	1.47248008359	2.42629928369	21.1972687168
bin.28	0.211548087622	0.63894601848	0.220154864784	0.0932139574761	0.333238397205	7.13384715344
bin.116	4.05434540577	3.12440292277	5.51757186398	3.39776540691	6.81500311378	3.36024763775
bin.35	0.514228358749	2.12891001841	3.55965001943	0.227664876207	1.34127437441	0.873833144598
bin.30	9.10899281906	0.990905400573	0.950806003565	4.55898872112	5.37786924809	0.812324623905
bin.60	1.59600918052	0.875645326967	5.20671062187	2.06722807387	2.18552071593	0.485649167146
bin.88	1.22324325069	0.149020767114	0.204719814928	0.343824478782	1.37075968651	0.234367701265
bin.16	1.01887271099	1.27965687553	0.524759107329	1.38936976914	1.98301338505	9.02124535207
bin.77	3.79093125501	5.04672644132	4.06305924345	4.39877461557	3.86103134705	3.87909641696
bin.127	0.373972750425	25.7166238446	1.94454010279	0.134926945989	1.39428172978	0.976289265011
bin.39	1.86765030328	0.961403243456	0.701674751866	0.830510952719	1.5810838789	1.40177420592
bin.24	0.769354998187	0.650339490378	0.443762867094	4.79273362432	0.650203142519	0.487646474181
bin.98	1.10290135858	1.52205844515	4.15411546862	0.625033181316	2.02605019009	0.556798035744
bin.55	7.90905328385	0.395757364709	0.30695885324	0.491910288354	0.390262065	0.178654681846
bin.50	10.8536851896	0.183331644488	0.171216925302	0.306385817567	0.15605971118	0.181189872429
bin.71	1.98420789323	1.52633928916	6.99004129807	1.36616169839	5.80079582567	3.73216690999
bin.105	0.0955275773806	8.30737638575	0.253283532435	0.0304477497065	0.181119388246	0.0331797387065
bin.92	3.25460776926	2.49540535862	3.03031993662	2.02303728121	2.1379892902	1.58719106374
bin.99	0.230209775801	0.130302262862	6.2447172531	0.133817282902	0.295837546365	0.0718044776273
bin.107	2.45364072181	0.0764053911363	0.0670569045265	0.0839611435055	0.0429860226189	0.0366963731834
bin.133	3.08659788893	0.421376015623	0.361639979398	1.24583193614	0.550858446871	0.366563921947
bin.117	1.11691096503	1.13204665403	0.613764923799	3.02237744615	1.2057393856	0.897651072739
bin.87	12.6041909317	29.4764016221	21.9498870144	2.94107186536	8.96956350525	9.30523256523
bin.67	1.46282217453	0.251588476489	0.214954217582	2.86796916895	0.184803005418	0.224508136008
bin.113	11.4047447978	0.0746244241455	0.0739233861768	0.192211368457	0.0340965189065	0.0392099874405
bin.2	2.17548508083	1.64141890886	6.63387936771	1.48916759258	3.08364811079	0.992901269652
bin.5	1.25479569383	1.02740820646	4.56094641442	0.853542202785	1.65137119748	0.888146444734
bin.11	2.06497437458	0.150251243319	0.179034767693	0.189443262598	0.188157069598	0.176441913486
bin.31	1.49723171444	5.71869507047	8.98607096981	0.398122778649	2.51487506528	1.55208395869
bin.7	3.96100548663	3.20445244396	2.83718693044	2.7367722242	5.25036113564	4.33348715955
bin.58	0.44495446927	2.23084956258	2.41247491246	0.253114564144	1.14568313871	1.73918094493
bin.72	0.56790872375	1.98805229154	6.93966481382	0.350502723895	1.45470548933	1.33140997646
bin.69	1.5166377049	4.22299479679	5.49061498173	0.959592965642	2.66021860139	0.892518369616
bin.123	0.595541903414	0.176495545394	0.274965179051	0.405469849301	4.33049402323	0.0724033405751
bin.131	1.90266293422	1.43059560937	0.715626811483	1.53697266268	3.12485948861	0.763259482311
bin.21	0.885829573245	4.81463797368	1.8770500088	0.449719454202	0.899529861627	0.663723084326
bin.65	0.15650061395	3.29068725906	0.191037535592	0.0757135968123	0.397489540601	1.39614812422
bin.51	1.49820977785	1.51039144252	4.72884059721	0.490887920661	2.01767711246	0.658033288116
bin.109	0.608705997848	3.28120583647	2.76708001971	0.38147206307	1.36796025442	2.17467014926
bin.111	1.00380780443	12.9532757531	6.82412441267	0.298911007892	1.16745817854	0.745760331533
bin.75	0.360344510627	4.03668820139	0.519254821513	0.218510249011	0.911913158786	0.724605056269
bin.125	0.794400091693	1.57890454481	4.91486726747	0.377843602756	2.28497263323	0.620313701346
bin.135	16.7362480439	10.3416971958	24.5821486971	8.96859550855	14.8351456595	2.41219212712
bin.100	1.68940184621	2.57304501798	15.7685011394	0.960779817041	4.08171984408	2.88629628393
bin.115	8.84326099928	2.14273823497	26.4829463378	5.41046949823	9.47086384697	2.40466131347
bin.47	1.01551797598	4.20579032808	1.16289341061	0.482451931333	1.05634506462	1.65133753136
bin.57	1.13296263537	0.458324874471	0.546731632469	14.5121440845	1.71186974962	0.420650304477
bin.23	1.03309712178	0.196772252685	0.458223053615	1.47907003372	1.77696361118	2.01351217905
